"activityId"	"subjectId"	"timeBodyAccMagnitudeMean"	"timeBodyAccMagnitudeStdDev"	"timeGravityAccMagnitudeMean"	"timeGravityAccMagnitudeStdDev"	"timeBodyAccJerkMagnitudeMean"	"timeBodyAccJerkMagnitudeStdDev"	"timeBodyGyroMagnitudeMean"	"timeBodyGyroMagnitudeStdDev"	"timeBodyGyroJerkMagnitudeMean"	"timeBodyGyroJerkMagnitudeStdDev"	"freqBodyAccMagnitudeMean"	"freqBodyAccMagnitudeStdDev"	"freqBodyAccJerkMagnitudeMean"	"freqBodyAccJerkMagnitudeStdDev"	"freqBodyGyroMagnitudeMean"	"freqBodyGyroMagnitudeStdDev"	"freqBodyGyroJerkMagnitudeMean"	"freqBodyGyroJerkMagnitudeStdDev"	"activityType"
1	1	-0.0715513643377895	-0.136971176556842	0.0817513038861053	-0.136971176556842	0.0817513038861053	-0.141428809031579	0.204177664192316	-0.160979552536842	-0.18978924212	-0.298703679084211	-0.919419408	-0.128623450629474	-0.835079617894737	-0.0571194000343158	-0.47802531782	-0.199252568986316	-0.540829011921053	-0.319308593778947	NA
1	10	-0.139183141733962	-0.127400912069811	-0.111562641045075	-0.127400912069811	-0.111562641045075	-0.132624992298283	0.264758168075509	-0.156458730358491	0.0932161988773585	-0.440363636603774	-0.896339273018868	-0.0930237422792453	-0.820531587924528	0.0205189516981132	-0.547734172264151	-0.412616909622642	-0.828828299622641	-0.515065335849057	NA
1	8	0.0748100397520833	0.0516786278104167	-0.12289699009375	0.0516786278104167	-0.12289699009375	-0.0668322430433333	-0.326515998729167	-0.00310243820125	-0.00825722199375	-0.339129269583333	-0.95374412375	-0.09521728274375	-0.788114425	-0.123834409766667	-0.7236211375	-0.301241848645833	-0.475441646154167	-0.473026230833333	NA
1	17	-0.158671703336066	-0.151151487704918	-0.0368323994278689	-0.151151487704918	-0.0368323994278689	-0.301093269180328	0.0307825180639344	-0.335009836885246	-0.0468879787295082	-0.517167440655738	-0.965657490819672	-0.429380043442623	-0.756299793278689	-0.335938891803279	0.096602355204918	-0.518618058688525	-0.747645121967213	-0.582711859672131	NA
1	15	-0.00220493297592592	-0.186514650759259	-0.00904811165518519	-0.186514650759259	-0.00904811165518519	-0.320129322962963	0.1283642829	-0.243711124444444	-0.0534220863612778	-0.543979500555556	-0.967123632407407	-0.275156242062037	-0.807969134259259	-0.289753952407407	-0.644781682314815	-0.489166383703704	-0.745480024074074	-0.645075178148148	NA
1	4	0.014649788853	-0.312050574166667	-0.0678893910871667	-0.312050574166667	-0.0678893910871667	-0.366700879833333	0.065126777955	-0.49779220106	0.152922233035	-0.6813040365	-0.951049456166667	-0.450804558333333	-0.789538995166667	-0.318587811	-0.168424087315	-0.609285588016667	-0.585590468333333	-0.724327420666667	NA
1	2	-0.233432734305085	-0.290407593728814	0.176396531827119	-0.290407593728814	0.176396531827119	-0.281424153881356	0.376830517220339	-0.446549092881356	-0.0111708590067797	-0.547911950338983	-0.894181102542373	-0.324289427932203	-0.764651062881356	-0.169064352813559	-0.368754340508475	-0.530704814745763	-0.816468687627119	-0.583249293389831	NA
1	11	-0.0377975853945763	-0.288323472033898	0.226767676220339	-0.288323472033898	0.226767676220339	-0.402333202033898	0.0653130465271186	-0.421801673559322	0.00429279260169492	-0.63073270559322	-0.972789953220339	-0.458514062542373	-0.781842657457627	-0.395116134237288	-0.479202107667797	-0.610222628813559	-0.727974020355932	-0.751914457457627	NA
1	9	0.156673064403846	-0.0980840496143461	0.000811984626923077	-0.0980840496143461	0.000811984626923077	-0.203733615519231	-0.0645859088288462	-0.294542266826923	-0.277710785192308	-0.510253995769231	-0.951322497307692	-0.318801022711538	-0.772993254038462	-0.316870715576923	-0.0195931503596154	-0.513797480384615	-0.670427065730769	-0.602581618269231	NA
1	18	0.165249638428571	-0.287908078035714	0.0434363501785714	-0.287908078035714	0.0434363501785714	-0.379269262142857	0.115628821846429	-0.500471147857143	-0.0326847932107143	-0.636485896964286	-0.986178578035714	-0.424386734107143	-0.699915087178571	-0.41403775125	-0.462064340535714	-0.620331394285714	-0.779858535714286	-0.710596311071429	NA
1	16	0.0465538712490196	-0.258766694117647	-0.122744073620392	-0.258766694117647	-0.122744073620392	-0.363144483529412	0.0454189072960784	-0.485931932745098	-0.128136439392157	-0.671541834117647	-0.984568761176471	-0.410463241960784	-0.838408489803922	-0.378278490588235	-0.59486786372549	-0.669228540784314	-0.772715946862745	-0.72068229	NA
1	5	-0.112217308126786	-0.158338674394643	-0.1050797851	-0.158338674394643	-0.1050797851	-0.288333024071429	-0.0136221673928571	-0.355933083571429	-0.0147824973607143	-0.444532485357143	-0.909107445714286	-0.304992488892857	-0.852114960357143	-0.269481661080357	-0.484825491180357	-0.484262828928571	-0.721697647928571	-0.548053574821429	NA
1	3	-0.218360601434483	-0.254690333275862	0.033480524	-0.254690333275862	0.033480524	-0.280009317413793	0.14026642347931	-0.466411754137931	-0.0215572552965517	-0.566135217931034	-0.967788422758621	-0.290031535172414	-0.775936916551724	-0.186764516965517	-0.186284016931034	-0.569755772241379	-0.621360407758621	-0.607751646034483	NA
1	12	0.078020390362	-0.102204550448	0.127170545116	-0.102204550448	0.127170545116	-0.144064922688	0.15951540728	-0.35593036512	-0.124300942934	-0.5174937754	-0.9272298064	-0.153116002784	-0.7556709046	-0.029912425338	-0.47622064686	-0.442503784	-0.724184991	-0.5611764414	NA
1	21	0.174756829771154	-0.123455661519231	0.302702771198077	-0.123455661519231	0.302702771198077	-0.148138991523077	0.317971567673077	-0.284775644807692	-0.127372660532692	-0.426930725	-0.945461770576923	-0.251266388923077	-0.558843572346154	-0.144009889665385	0.334254241451923	-0.409516081153846	-0.62538202	-0.4995972025	NA
1	19	-0.193394011365385	0.0648173438653846	-0.0718891301903846	0.0648173438653846	-0.0718891301903846	0.109450990201923	0.196868843140385	0.100045071430769	0.0453737742615385	-0.164699977592308	-0.843658610961538	0.0322272296217308	-0.817423291346154	0.0730179928688462	-0.437756498725	-0.0952460452365385	-0.608986572884615	-0.262442822846154	NA
1	28	-0.152662352292593	-0.1806660203	-0.0393153015537037	-0.1806660203	-0.0393153015537037	-0.299223359444444	-0.0471540953148148	-0.310775945814815	-0.108900512459259	-0.546248758518519	-0.9562561	-0.352156841666667	-0.766730709259259	-0.360811456296296	-0.515733461533333	-0.514602424814815	-0.634517366296296	-0.595965103703704	NA
1	6	-0.242126027338596	-0.166840713631579	0.0430821487754386	-0.166840713631579	0.0430821487754386	-0.195117026052632	0.0583583812982456	-0.281207841122807	-0.0010134570077193	-0.321290483140351	-0.790776615964912	-0.201386607649123	-0.723624711754386	-0.055401423331579	-0.59155113245614	-0.329681123368421	-0.827672261403509	-0.366500534122807	NA
1	26	0.0236828028474576	-0.223399171830508	-0.00335782971101695	-0.223399171830508	-0.00335782971101695	-0.290758024915254	0.00541384142372881	-0.392092024067797	-0.00632312048474576	-0.51239882559322	-0.940609401525424	-0.379836742711864	-0.741088417457627	-0.293358341186441	-0.261302670847458	-0.551927613050847	-0.643463763932203	-0.619461036101695	NA
1	13	-0.309211516438597	-0.135643867842105	-0.209624347982456	-0.135643867842105	-0.209624347982456	-0.133205034736842	0.0434607098982456	-0.218669558421053	0.00571259730701754	-0.303508210175439	-0.879936484912281	-0.23460086645614	-0.679830032105263	-0.15211150075614	0.0526439079824561	-0.267472373877193	-0.591262687157895	-0.338527133789474	NA
1	22	-0.0111736296913043	0.0722419121669565	-0.31938711731087	0.0722419121669565	-0.31938711731087	0.02291996735	0.301967843178261	-0.210608043717391	-0.148733588776087	-0.461999528913043	-0.803089870869565	-0.0241584964891304	-0.809562340869565	0.0659727285	0.104660687641304	-0.438378722826087	-0.599009055434783	-0.553946121521739	NA
1	20	-0.0373081043529412	0.039402280578902	-0.0437032618098039	0.039402280578902	-0.0437032618098039	-0.0429359302764706	0.109784247830784	0.0686275147882353	0.281595277588235	-0.194893253196078	-0.919671430392157	-0.00353341793921569	-0.904835379215686	0.0545269493972549	-0.537465205490196	-0.0520065599062745	-0.713304585294118	-0.180365335498431	NA
1	29	0.289401735150943	-0.0955213393716981	0.221648855707547	-0.0955213393716981	0.221648855707547	-0.240231677415094	0.180642210245283	-0.28057326754717	-0.171030909339623	-0.506242118113208	-0.933026349245283	-0.235683305566038	-0.676316832641509	-0.108978206490566	-0.747808638867924	-0.416817853396226	-0.791679035283019	-0.628501115849057	NA
1	7	-0.384458664329825	-0.0978090439438596	-0.0923080933192982	-0.0978090439438596	-0.0923080933192982	-0.192948900438596	0.0794142048929825	-0.305959351403509	0.0849310930229824	-0.300022779964912	-0.913716383157895	-0.151243649578947	-0.614521382631579	-0.0384187298547368	-0.205168012894737	-0.192909765467895	-0.561264979157895	-0.155339855862632	NA
1	27	0.284315163877193	-0.238853875263158	-0.0982154487526316	-0.238853875263158	-0.0982154487526316	-0.230500549298246	-0.060263666322807	-0.396638753684211	-0.208760805010526	-0.562587199473684	-0.965578364912281	-0.327229405789474	-0.857867484561403	-0.259934013157895	-0.60897942245614	-0.519451704035088	-0.658520270350877	-0.623288199649123	NA
1	14	0.187690336694915	-0.144404671779661	-0.0934798823508475	-0.144404671779661	-0.0934798823508475	-0.377293155084746	-0.172599974159322	-0.137208741864407	-0.0797970680084746	-0.519895046779661	-0.972338682033898	-0.373516771016949	-0.639223622711864	-0.431591453389831	-0.145038700798305	-0.311386449661017	-0.521063133949152	-0.591036936101695	NA
1	23	-0.332004849152542	-0.0988770198220339	-0.208939084472881	-0.0988770198220339	-0.208939084472881	-0.0670819655881356	-0.199181288642373	-0.0120968259523729	0.105507240813559	0.0115305410508475	-0.934532167966102	-0.0942606311677966	-0.811011971525424	-0.0180705701559322	-0.481263965254237	0.185078207383051	-0.655826517966102	0.146618569064407	NA
1	30	0.205258501430769	-0.195140032969231	0.0380901197492308	-0.195140032969231	0.0380901197492308	-0.352111713846154	0.0690818349630769	-0.0229640797463077	0.0941046371015385	-0.472068729846154	-0.961727361230769	-0.342363772923077	-0.773717689384615	-0.347180134692308	-0.295124980632308	-0.358344356	-0.547527396707692	-0.547621753230769	NA
1	25	-0.0218720267351351	-0.40528943	0.0456619033932432	-0.40528943	0.0456619033932432	-0.538291424594595	-0.0306730704972973	-0.394362401351351	-0.0425163656309459	-0.678466069054054	-0.988587429864865	-0.566060023108108	-0.678790617432432	-0.564591342162162	0.196756350367568	-0.562733252702703	-0.767233456621622	-0.770300895540541	NA
1	24	-0.243419699448276	-0.299983613965517	0.135743687013793	-0.299983613965517	0.135743687013793	-0.399722201034483	0.0602800076793103	-0.403064156896552	0.0309122402568966	-0.507824745862069	-0.978467704827586	-0.434618912068966	-0.758327191724138	-0.418641046896552	-0.096479959125	-0.534509163793103	-0.84971837637931	-0.571594392068966	NA
2	1	-0.240762604709434	-0.129927630735849	0.0963139010660377	-0.129927630735849	0.0963139010660377	-0.466503446226415	0.022801332645283	-0.126735589969811	-0.0977466063226415	-0.59488286509434	-0.971169189433962	-0.352395944716981	-0.596216743962264	-0.44265216245283	-0.686853361509434	-0.325961457396226	-0.496216834792453	-0.634665082075472	"WALKING_UPSTAIRS"
2	8	-0.168401559609756	0.121026629195122	-0.0355258931585366	0.121026629195122	-0.0355258931585366	-0.141494613465854	-0.109103119353659	0.166447991	0.121521785397561	-0.400664014146341	-0.889712524878049	-0.13026451905122	-0.782479516341463	-0.131850567460976	-0.864175517804878	-0.229610952609756	-0.628119494756098	-0.46327057804878	"WALKING_UPSTAIRS"
2	15	0.0259585490416667	-0.000971394711666667	0.0801686673866667	-0.000971394711666667	0.0801686673866667	-0.316050382083333	-0.18154931694375	-0.201217274	-0.01211432475	-0.663637117708333	-0.980176735833333	-0.165242147958333	-0.596285982708333	-0.261956679958333	-0.675377632291667	-0.45369356625	-0.582738782791667	-0.731422357916667	"WALKING_UPSTAIRS"
2	2	-0.288635938541667	-0.107322679520833	-0.0506586726450208	-0.107322679520833	-0.0506586726450208	-0.321268911041667	0.2086261309375	-0.219713472958333	-0.1963162895	-0.572816438541667	-0.88588693625	-0.14531853915625	-0.757133489583333	-0.189511136902083	-0.581564435208333	-0.450612184791667	-0.6244172480625	-0.60079849625	"WALKING_UPSTAIRS"
2	17	-0.385637547708333	-0.0128062276916667	0.163488092620833	-0.0128062276916667	0.163488092620833	-0.357233897916667	-0.0423304251802083	-0.235191249091667	-0.11064561305	-0.637367490625	-0.970813271875	-0.150305643291667	-0.732281915208333	-0.360299853125	-0.7793650575	-0.504066956875	-0.739385746458333	-0.669008763541667	"WALKING_UPSTAIRS"
2	9	0.233974790832653	-0.260727581428571	-0.057498012077551	-0.260727581428571	-0.057498012077551	-0.440667540204082	-0.181009621142857	-0.0833234490061224	-0.0401468311991837	-0.672840561836735	-0.985946741632653	-0.372890348979592	-0.761357658163265	-0.419533108571429	-0.592811698081633	-0.531482693877551	-0.621321914157143	-0.734159449387755	"WALKING_UPSTAIRS"
2	18	-0.0819488300206897	-0.279146312758621	0.0688047587258621	-0.279146312758621	0.0688047587258621	-0.601463948275862	-0.0892197420741379	-0.3691086	0.199103252117241	-0.781652689310345	-0.98510886637931	-0.436561064482759	-0.684409249827586	-0.574481396551724	-0.389856055465517	-0.654029089310345	-0.484882584403448	-0.826193160862069	"WALKING_UPSTAIRS"
2	16	0.0883422566411765	-0.233990331568627	0.108418890215686	-0.233990331568627	0.108418890215686	-0.48321905	-0.0812591021431373	-0.308260568039216	0.0242689251419608	-0.737705162156863	-0.986585381764706	-0.370649738235294	-0.650001930588235	-0.475597717843137	-0.489624889823529	-0.630546675490196	-0.595215985980392	-0.787833632352941	"WALKING_UPSTAIRS"
2	11	-0.00681602405555556	-0.132594623759259	0.0383790680722222	-0.132594623759259	0.0383790680722222	-0.509587701296296	-0.161096307922222	-0.255048336944444	0.111754202898148	-0.757314813888889	-0.990634843148148	-0.336061027407407	-0.663395905555556	-0.475928501666667	-0.388811552183333	-0.55009966	-0.509452920555556	-0.795986113703704	"WALKING_UPSTAIRS"
2	3	-0.128013881028814	-0.184014895	-0.0463347493661017	-0.184014895	-0.0463347493661017	-0.436901159491525	0.0642124281694915	-0.347321812220339	-0.134843174730508	-0.658861401355932	-0.967670959152542	-0.315866079491525	-0.697303169152542	-0.412920898474576	-0.471453166413559	-0.514211583728814	-0.663462067118644	-0.716877778644068	"WALKING_UPSTAIRS"
2	12	0.0985231819615385	-0.229183927115385	0.163692124467308	-0.229183927115385	0.163692124467308	-0.432469300961538	0.0898113239153846	-0.316561585961538	-0.0618267930884615	-0.674972132307692	-0.960916428461538	-0.290005418653846	-0.60277665	-0.3208844625	-0.227592469276923	-0.594032515192308	-0.691958021730769	-0.714332592115385	"WALKING_UPSTAIRS"
2	10	0.053198012812766	-0.0266623294757447	0.138516420442553	-0.0266623294757447	0.138516420442553	-0.262038042446809	-0.0271347419574468	0.0438573846851064	0.0533772470680851	-0.523462968510638	-0.950255493191489	-0.166866721574468	-0.754972782978723	-0.153553147382979	-0.710475794255319	-0.265371689148936	-0.604090384468085	-0.600582998297872	"WALKING_UPSTAIRS"
2	19	-0.1811226382875	0.01738119347275	-0.051493167478	0.01738119347275	-0.051493167478	-0.114189605875	-0.2204795131975	-0.06161577145	-0.246676524625	-0.372790526575	-0.9152688925	-0.07962876322	-0.84478699125	-0.187391317015	-0.89875846575	-0.28884026785	-0.74385428575	-0.4771839145	"WALKING_UPSTAIRS"
2	28	-0.14635347345098	-0.186240503960784	0.115106481498039	-0.186240503960784	0.115106481498039	-0.388086248235294	-0.00559237265098039	-0.263415282690196	-0.163606417058824	-0.620279797647059	-0.956991600784314	-0.213519364760784	-0.620680056392157	-0.294433415745098	-0.394326807725098	-0.534835409607843	-0.598861535078431	-0.662505819411765	"WALKING_UPSTAIRS"
2	6	-0.0811691955352941	0.0177790974433333	0.152428541392157	0.0177790974433333	0.152428541392157	-0.207379799254902	-0.096433785852549	-0.12912124415098	-0.113890188898039	-0.342895367921569	-0.906327058039216	-0.0819479396203922	-0.666674470588235	-0.169868234496078	-0.338330831607843	-0.230627015078431	-0.80103432372549	-0.45923633377451	"WALKING_UPSTAIRS"
2	4	-0.0566491326019231	-0.153703935357692	0.163843926507692	-0.153703935357692	0.163843926507692	-0.400922254807692	-0.101510168373077	-0.299779407884615	0.0747129923673077	-0.686978374423077	-0.919919603846154	-0.276825498230769	-0.515315669788462	-0.397406285	-0.689855609480769	-0.575794072115385	-0.709905587519231	-0.740749226346154	"WALKING_UPSTAIRS"
2	13	-0.282273394636364	-0.10115350174	0.113082527947273	-0.10115350174	0.113082527947273	-0.456190454	-0.0850911040945455	-0.237182958116364	-0.0802601529109091	-0.631964902181818	-0.953491260909091	-0.367522800909091	-0.695153902363636	-0.425100006545455	-0.649756775090909	-0.485477308909091	-0.690375598	-0.656088544363636	"WALKING_UPSTAIRS"
2	22	-0.102774716338095	0.210282608333333	-0.119014701466667	0.210282608333333	-0.119014701466667	-0.0957840344357143	0.137854905169048	-0.1280319236	-0.16214357802381	-0.568111869047619	-0.906621198095238	-0.0866905123880952	-0.617844509285714	-0.0458020362119048	-0.457798858166667	-0.369902	-0.643438500714286	-0.667996003333333	"WALKING_UPSTAIRS"
2	20	0.0405764300941176	0.00872502461176471	0.0132266977527451	0.00872502461176471	0.0132266977527451	-0.255611242098039	-0.385810859686274	0.0223302538235294	0.0707192066411765	-0.37192841627451	-0.922130185098039	-0.205009295196078	-0.463357200862745	-0.215014031556863	-0.650055050392157	-0.286627716823529	-0.80190783627451	-0.450393446470588	"WALKING_UPSTAIRS"
2	29	-0.10270904725102	0.00834360271428571	0.13922715355102	0.00834360271428571	0.13922715355102	-0.344324833061224	0.0480935440942857	0.0439627677608163	0.315765537836735	-0.617340803061225	-0.964509794897959	-0.108306402963265	-0.621524135306122	-0.239108046693878	-0.471572994612245	-0.357213897032653	-0.431443287877551	-0.697454553061225	"WALKING_UPSTAIRS"
2	7	-0.241712520835294	-0.198074437978431	0.175134577692157	-0.198074437978431	0.175134577692157	-0.458695232352941	0.0506496342	-0.239099165627451	-0.0904911639127451	-0.661969771960784	-0.980486949803922	-0.378618761568627	-0.606853781176471	-0.45478324745098	-0.478397483784314	-0.533982945882353	-0.516367672058824	-0.673327281960784	"WALKING_UPSTAIRS"
2	5	-0.00521966754680851	0.0435562021989362	0.0599659928914043	0.0435562021989362	0.0599659928914043	-0.247403476914894	-0.1137826693	-0.235516929306383	-0.107791091404255	-0.47348816787234	-0.899204732765957	-0.169261525	-0.519745682531915	-0.264674938957447	-0.56368286706383	-0.392564530851064	-0.790780901489362	-0.571344138723404	"WALKING_UPSTAIRS"
2	14	0.287351333574074	0.140108204051852	0.103983171289259	0.140108204051852	0.103983171289259	-0.28366383592037	-0.115999836296296	0.365779419444444	-0.00725552679074074	-0.399921949557407	-0.952347966111111	-0.0759851813333333	-0.605354082592593	-0.288744334092593	-0.75550584862963	0.0488588668185185	-0.629321291	-0.457250612407407	"WALKING_UPSTAIRS"
2	23	-0.397587216470588	-0.0117536873784314	0.0968228991362745	-0.0117536873784314	0.0968228991362745	-0.311143885098039	-0.0349104133980392	-0.156527148792745	-0.164431925180392	-0.504367150588235	-0.961238432941177	-0.231382662235294	-0.809026129019608	-0.302968064764706	-0.767263142627451	-0.380388292223529	-0.810619468039216	-0.51871565	"WALKING_UPSTAIRS"
2	21	0.0676016646765957	-0.0810453188106383	0.134823661963134	-0.0810453188106383	0.134823661963134	-0.355047693617021	0.0181230225978723	-0.168982721146809	-0.227508260489362	-0.577935642978723	-0.938997023617021	-0.257894449148936	-0.660475854893617	-0.355443706553191	-0.646451779914894	-0.475369886808511	-0.697014559148936	-0.628915748723404	"WALKING_UPSTAIRS"
2	30	0.175633178106154	-0.137627857227385	0.178510132176615	-0.137627857227385	0.178510132176615	-0.596600099538461	-0.16460300006	-0.113608367276923	0.252142665258462	-0.718780256769231	-0.980246597076923	-0.400588353846154	-0.670265030615385	-0.549784890615385	-0.570656271953846	-0.449150735076923	-0.2392910062	-0.773974451846154	"WALKING_UPSTAIRS"
2	27	-0.266901688431373	-0.160589355980392	0.0864340601568627	-0.160589355980392	0.0864340601568627	-0.479067422156863	-0.199060922866667	-0.286145719598039	-0.00545248831372549	-0.699895090784314	-0.97788059254902	-0.393928937058824	-0.602491224705882	-0.460770277843137	-0.104957459705882	-0.607667730196078	-0.485457139803922	-0.71917980372549	"WALKING_UPSTAIRS"
2	25	-0.0959674030393846	-0.305772199076923	0.207780079881538	-0.305772199076923	0.207780079881538	-0.679160843538462	-0.0355171344321538	-0.3186346998	0.169521979092308	-0.777106026615385	-0.990130235230769	-0.527907561538462	-0.720907859076923	-0.654795110615385	-0.596001686309231	-0.567153469846154	-0.528036701076923	-0.822403906	"WALKING_UPSTAIRS"
2	26	-0.241543919654545	-0.142874499381818	0.114119271849455	-0.142874499381818	0.114119271849455	-0.404463896363636	0.251510269509091	-0.344427047636364	-0.0956595453272727	-0.648099850181818	-0.951159072545455	-0.167566383372727	-0.556171565454545	-0.294970470909091	-0.741224859636364	-0.556084778181818	-0.729153571636364	-0.673580662727273	"WALKING_UPSTAIRS"
2	24	-0.11275385249322	-0.226402822033898	0.180354127227627	-0.226402822033898	0.180354127227627	-0.488487620508475	0.0619625582542373	-0.33443583979661	0.143352354220339	-0.658751629152542	-0.978847560338983	-0.322300989322034	-0.758585886779661	-0.429800778813559	-0.467432029420339	-0.564664994745763	-0.601934360661017	-0.64611467	"WALKING_UPSTAIRS"
3	10	0.0630922155263158	0.250843769394737	0.0129445237444737	0.250843769394737	0.0129445237444737	0.0507010228431579	0.103247672868421	-0.0238468037578947	-0.321840354591053	-0.401854311315789	-0.842944755789474	0.220115703368421	-0.644518287105263	0.156978047052632	-0.391226715578947	-0.312347510289474	-0.759637024210526	-0.484196484736842	"WALKING_DOWNSTAIRS"
3	8	-0.262498837060526	0.176599311818421	-0.0744066138947368	0.176599311818421	-0.0744066138947368	0.262628490268421	0.135326652060526	0.0993429744078947	-0.163516342036842	-0.126189142894737	-0.825791006315789	0.301626757315789	-0.847143373947368	0.331528459921053	-0.5849580345	-0.00036272967368421	-0.775656798947368	-0.125179586744737	"WALKING_DOWNSTAIRS"
3	11	0.0841890538152174	0.126227657258696	0.147857585244196	0.126227657258696	0.147857585244196	-0.198206139934783	-0.0510163668891304	-0.19788336026087	-0.0210091228413043	-0.599294760652174	-0.95824477826087	0.0902807576630435	-0.720648167608696	-0.097454996626087	-0.531470968695652	-0.456170108913043	-0.624534779065217	-0.668340527608696	"WALKING_DOWNSTAIRS"
3	9	0.17796755202381	0.145886357935714	-0.163449938385714	0.145886357935714	-0.163449938385714	-0.16237608927619	-0.133525867835714	-0.168921400633333	-0.0302257720142857	-0.469028434047619	-0.95732146047619	0.222203941	-0.735296219285714	0.00716877883571429	-0.155145848571429	-0.347540226666667	-0.732193125	-0.463172053809524	"WALKING_DOWNSTAIRS"
3	4	-0.0966567595828889	-0.0491616726733333	0.0885502128444444	-0.0491616726733333	0.0885502128444444	-0.228851413747333	0.0128692237444444	-0.3466062928	-0.301383691622222	-0.592843014888889	-0.747880063555556	-0.01907433524	-0.743903786666667	-0.175295286557778	-0.502564595355556	-0.429213369555556	-0.643083106444444	-0.621752455777778	"WALKING_DOWNSTAIRS"
3	13	-0.289279047659574	-0.0294634299553191	0.0110964138510638	-0.0294634299553191	0.0110964138510638	-0.127926051502128	0.0557905207425532	-0.102114480531915	-0.0186011823148936	-0.323552439276596	-0.907223000212766	0.0528791880659574	-0.760911153617021	-0.0282156656914894	-0.319226569710638	-0.206121707212766	-0.782546198297872	-0.266399903210638	"WALKING_DOWNSTAIRS"
3	5	-0.332377481312766	0.211138853638298	0.117369004191489	0.211138853638298	0.117369004191489	-0.0637528559361702	-0.13008588376383	-0.218029835319149	-0.11639937212766	-0.39719562106383	-0.819450364893617	0.155742168808511	-0.584635611489362	0.00918394264170213	-0.342393750425532	-0.349338414731915	-0.792843803829787	-0.453697247021277	"WALKING_DOWNSTAIRS"
3	14	-0.490579540222222	0.185537706866667	-0.140791324071111	0.185537706866667	-0.140791324071111	0.0353601375466667	0.149135237911111	0.166340011842444	-0.267813072644444	-0.275120883488889	-0.819310051333333	0.471905155133333	-0.790375406888889	0.186223478065556	-0.216376061993333	-0.0787568406777778	-0.778865311555556	-0.254747132274667	"WALKING_DOWNSTAIRS"
3	12	-0.143307873723913	0.0183139429630435	0.116452928228261	0.0183139429630435	0.116452928228261	-0.107091019565217	0.01128303991	-0.213351510686957	-0.183861815173913	-0.442831079130435	-0.859121020434783	0.148017269434783	-0.748244098478261	0.0769968373	-0.303133096652174	-0.344938419969565	-0.71622021173913	-0.458227490826087	"WALKING_DOWNSTAIRS"
3	1	-0.251421070963265	0.0271882914106122	-0.153300444921224	0.0271882914106122	-0.153300444921224	-0.0894474807979592	0.110971354244898	-0.0757412543673469	-0.295883797938776	-0.295463843346939	-0.88399402755102	0.0965845343040816	-0.739122186938776	0.0262184949326531	-0.539384710693878	-0.185720285744898	-0.771541462040816	-0.281963359177551	"WALKING_DOWNSTAIRS"
3	30	0.00383217104370968	-0.0373901122469355	0.167703589880645	-0.0373901122469355	0.167703589880645	-0.293738801622581	0.0296408203108064	-0.095537320533871	-0.130896877688065	-0.574337006451613	-0.965230954193548	0.00410151034354839	-0.782598228548387	-0.125961400367742	-0.399755217519355	-0.356772347348871	-0.612488865854839	-0.617578814032258	"WALKING_DOWNSTAIRS"
3	28	-0.288139483021739	0.104359216580435	0.021150828256087	0.104359216580435	0.021150828256087	-0.0707560279130435	0.00877969624610869	-0.068246324026087	-0.0932185767065217	-0.340417305565217	-0.908176256304348	0.188840007695652	-0.766642214347826	-0.0128823827326087	-0.443625933108696	-0.223354793921739	-0.826013290086957	-0.396720714347826	"WALKING_DOWNSTAIRS"
3	6	-0.33677888375	0.333754731458333	0.132698053604167	0.333754731458333	0.132698053604167	0.10384507225	-0.113609100377083	0.0142677821595833	-0.11485438925	-0.0829366854166667	-0.697559559166667	0.395958034583333	-0.531075170125	0.243834258785417	-0.585820155479167	-0.0143735434	-0.781170852916667	-0.132705384364583	"WALKING_DOWNSTAIRS"
3	15	0.0430385937619048	0.320449387166667	-0.0825382178595238	0.320449387166667	-0.0825382178595238	-0.0372666071540476	-0.0363398443952381	-0.121686320740476	-0.0604635492619048	-0.509466648095238	-0.928470759047619	0.331150229285714	-0.740475518333333	0.158413334683333	-0.375450095235714	-0.373898631190476	-0.709182401904762	-0.565396130714286	"WALKING_DOWNSTAIRS"
3	24	0.124906858925455	-0.0737699163072727	0.2840167116	-0.0737699163072727	0.2840167116	-0.263106944836364	0.176440421254545	-0.304965806363636	-0.110367304156364	-0.497152238363636	-0.958719235454545	-0.0231701626603636	-0.739843992363636	-0.200830137109091	0.106074906254545	-0.374298686727273	-0.702079246818182	-0.474449925818182	"WALKING_DOWNSTAIRS"
3	2	-0.18857590863617	0.0899511204978723	0.0543209986234043	0.0899511204978723	0.0543209986234043	0.00565516335106383	-0.027361318012766	-0.162188586930426	-0.0196318243617021	-0.410872671489362	-0.760670548723404	0.293424826591489	-0.745526107021277	0.222247409576596	-0.254774915422979	-0.320838543553191	-0.614250749212766	-0.380175306489362	"WALKING_DOWNSTAIRS"
3	22	-0.0157055228166667	0.330999221944444	0.127347961797222	0.330999221944444	0.127347961797222	-0.0179784626888889	-0.0775789090305556	-0.161333309783333	-0.0374085596138889	-0.459579670833333	-0.891735444444444	0.155526858911111	-0.549113767194444	0.0224783539805556	-0.581709839138889	-0.338417326388889	-0.744102659722222	-0.583510518055556	"WALKING_DOWNSTAIRS"
3	29	0.0110245213166667	0.103705165666667	0.235067394497917	0.103705165666667	0.235067394497917	-0.138637624454167	0.022816335775	-0.122968108816667	-0.193296013104167	-0.539174456458333	-0.893343024791667	0.115973968158333	-0.5131846265625	0.000448896304791667	-0.4408648334375	-0.381459881875	-0.664783105270833	-0.596578626041667	"WALKING_DOWNSTAIRS"
3	7	-0.499420730638298	0.0198795285851064	0.0811383346808511	0.0198795285851064	0.0811383346808511	-0.170319619372979	0.10523810806383	-0.18874081887234	0.0416174485659574	-0.399229959148936	-0.918106586382979	0.218911066191489	-0.736644952553192	0.067389886106383	-0.151316724734043	-0.255045057404255	-0.671866750851064	-0.289096677191489	"WALKING_DOWNSTAIRS"
3	16	0.0440638936021277	0.191079793587447	0.153932570297872	0.191079793587447	0.153932570297872	-0.165908810808511	0.107366861702128	-0.309820427234043	0.00428484903404255	-0.590896636382979	-0.966383531702128	0.114032088546809	-0.639939464680851	-0.0745659082223404	-0.327739816597872	-0.488253939574468	-0.588865085957447	-0.58966315	"WALKING_DOWNSTAIRS"
3	25	-0.078362677987069	-0.22010859462069	0.133166493810345	-0.22010859462069	0.133166493810345	-0.50048333137931	-0.0917274323896552	-0.216082565601724	-0.0780851670715517	-0.664713625172414	-0.981065346206897	-0.288154787517241	-0.766034613793103	-0.471642111551724	-0.414271162017241	-0.485763582068966	-0.561288115155172	-0.687034281206897	"WALKING_DOWNSTAIRS"
3	3	-0.15160584522449	-0.0628126118283674	0.144306693314286	-0.0628126118283674	0.144306693314286	-0.205239246653061	0.0157209585714286	-0.215294501244898	-0.172218928146939	-0.508567577142857	-0.920344532040816	0.0289413195612245	-0.817969476530612	-0.049477977322449	-0.517001824510204	-0.332376629371429	-0.723708055510204	-0.576277199387755	"WALKING_DOWNSTAIRS"
3	23	-0.375374343222222	0.127211137694444	-0.0226349194916667	0.127211137694444	-0.0226349194916667	0.112982475627778	-0.132286573511111	0.0390915481555556	-0.069057822862963	-0.0463117766203704	-0.869497078888889	0.364829993351852	-0.722537053888889	0.335009724333333	-0.393549627962963	0.150825734842593	-0.821332481851852	0.0746754643666667	"WALKING_DOWNSTAIRS"
3	21	-0.288640673111111	0.245771699004444	0.150072587044444	0.245771699004444	0.150072587044444	-0.0802241799933333	-0.257290969092667	-0.184850019535556	-0.170146542895556	-0.452828682444444	-0.930818830888889	0.239895893822222	-0.670955324666667	0.112442619741778	-0.389703023782222	-0.406392284444444	-0.715062057133333	-0.490804948444444	"WALKING_DOWNSTAIRS"
3	19	-0.153863887461538	0.644604325128205	-0.108140119910256	0.644604325128205	-0.108140119910256	0.434490400974359	-0.129526303016667	0.418004608615385	-0.166645682164103	0.0875816618205128	-0.583169277948718	0.586637550769231	-0.785250035128205	0.538404846128205	-0.504089067794872	0.203979764835897	-0.686057398461538	-0.0229045295641026	"WALKING_DOWNSTAIRS"
3	17	-0.360307930434783	0.148951103536087	-0.0474094501391304	0.148951103536087	-0.0474094501391304	-0.221631694184783	-0.0687675762565217	-0.232641763307609	0.02725418835	-0.540325787826087	-0.968626145869565	0.0580680522108696	-0.715805754565217	-0.188680399771739	-0.535621781304348	-0.40943875826087	-0.685311820152174	-0.57734888	"WALKING_DOWNSTAIRS"
3	26	-0.4435720996	0.114379383742	-0.008498916562	0.114379383742	-0.008498916562	-0.1488562664	0.10537481875	-0.23531462282	0.06562467298	-0.4187798104	-0.9515414424	0.075101684668	-0.706269768	-0.15317202912	-0.047926671526	-0.3345099466	-0.7833938343	-0.4722007526	"WALKING_DOWNSTAIRS"
3	18	0.0257652267727273	-0.293531973636364	0.0386887605418182	-0.293531973636364	0.0386887605418182	-0.466516044	0.0312109508818182	-0.381022814727273	-0.0190972431454545	-0.701663073636364	-0.975777057636364	-0.241973534781818	-0.702993933636364	-0.3833987134	-0.2349074086	-0.604735414363636	-0.591559952545455	-0.744236045090909	"WALKING_DOWNSTAIRS"
3	27	-0.260809417277273	0.108071382861364	0.16606674045	0.108071382861364	0.16606674045	-0.115421210625	-0.0428301177320455	-0.164783206536364	-0.147117352152273	-0.440546586136364	-0.858193978409091	0.149816459227273	-0.667872854318182	0.010857564025	-0.443857242772727	-0.359113724772727	-0.622574667272727	-0.46777776875	"WALKING_DOWNSTAIRS"
3	20	-0.10671431386	0.221851587933333	0.112734946977778	0.221851587933333	0.112734946977778	-0.0612699838466667	-0.0211165544222222	0.0938419436933333	0.103399965477778	-0.268183423577778	-0.897543823111111	0.151887747217778	-0.751125632888889	0.0137917152644444	-0.136871745537778	-0.100566103524444	-0.792954171333333	-0.311668472555556	"WALKING_DOWNSTAIRS"
4	11	0.216386588650943	-0.961970763773585	-0.180551586683019	-0.961970763773585	-0.180551586683019	-0.97935563509434	-0.0784679427062264	-0.951884472075472	-0.0108222752032075	-0.989519031132076	-0.999608015471698	-0.953066009056604	-0.544440694830189	-0.975315331509434	-0.595530601641509	-0.969799951132076	-0.435233920043396	-0.987255972641509	"SITTING"
4	4	0.048220270282	-0.93569482	-0.14484439976	-0.93569482	-0.14484439976	-0.9701322836	-0.029482200836	-0.9260633138	0.02197077316	-0.9804904618	-0.999217332	-0.929002095	-0.477790458702	-0.9625007338	-0.6308201576	-0.9487697524	-0.36585711122	-0.9765477634	"SITTING"
4	13	-0.147973953089796	-0.957690563673469	-0.145730472714286	-0.957690563673469	-0.145730472714286	-0.989497838979592	-0.0912320684738775	-0.951142644081633	-0.0854382541142857	-0.992604304489796	-0.999686222244898	-0.956901559653061	-0.583005427714286	-0.988348535306122	-0.849301106530612	-0.973258277755102	-0.417631578483673	-0.991723741632653	"SITTING"
4	5	0.239188348272727	-0.9379783225	-0.101127337013636	-0.9379783225	-0.101127337013636	-0.969320155681818	0.0218998747636364	-0.934301646590909	-0.0928239799340909	-0.973848287045455	-0.999093014090909	-0.936290604545455	-0.504614764227273	-0.964440302272727	-0.708456623886364	-0.944760322045455	-0.538246846363636	-0.971598370227273	"SITTING"
4	14	-0.0452428742972222	-0.944197943703704	-0.0224393073518519	-0.944197943703704	-0.0224393073518519	-0.976521006111111	-0.161417007446296	-0.942756369259259	-0.0138496197074074	-0.988317606666667	-0.999714278888889	-0.940589853333333	-0.641401996277778	-0.972985342962963	-0.754736283055556	-0.963320540555556	-0.515451048148148	-0.987324239259259	"SITTING"
4	12	-0.0854798621372549	-0.952176621372549	-0.0790200540196078	-0.952176621372549	-0.0790200540196078	-0.974734489803922	-0.0983209465941177	-0.941907240784314	-0.0173090087117647	-0.980392337647059	-0.999688519607843	-0.955944253137255	-0.582640617960784	-0.971715268627451	-0.716172754901961	-0.958511866666667	-0.553415988869451	-0.97848445372549	"SITTING"
4	10	-0.000211548755555554	-0.96075719962963	-0.226193472962963	-0.96075719962963	-0.226193472962963	-0.988054237592593	-0.0833584458592593	-0.944202043703704	-0.081258029162963	-0.993707487592593	-0.99962647	-0.955281010740741	-0.64065644037037	-0.985900801111111	-0.780025093203704	-0.974459732592593	-0.383318637222222	-0.992191529259259	"SITTING"
4	8	-0.10162901923913	-0.952139704347826	-0.154947437136957	-0.952139704347826	-0.154947437136957	-0.986061512173913	-0.0436900710643478	-0.93268224326087	0.0941510273630435	-0.991807428043478	-0.999552006521739	-0.947981783478261	-0.528484818543478	-0.980932292391304	-0.722714043130435	-0.965806789347826	-0.365819357521739	-0.987730604130435	"SITTING"
4	28	-0.0978371068481944	-0.955789708611111	-0.0898221033569444	-0.955789708611111	-0.0898221033569444	-0.973274366805556	-0.0673920571652778	-0.955175567083333	-0.0452285243083333	-0.981213159305556	-0.999588185277778	-0.953928124027778	-0.577953608666667	-0.969178686666667	-0.741849860972222	-0.960297525	-0.618295539916667	-0.979465868888889	"SITTING"
4	6	-0.0971872064	-0.949543531272727	-0.117810689078182	-0.949543531272727	-0.117810689078182	-0.962733502	-0.0372030414087273	-0.932703812181818	-0.167450335636364	-0.962929227818182	-0.998930773454546	-0.935750391272727	-0.655708009636364	-0.948348653636364	-0.702964498763636	-0.929725679272727	-0.644217577545455	-0.952034566	"SITTING"
4	15	-0.100167406392034	-0.958669836271186	-0.153182455101695	-0.958669836271186	-0.153182455101695	-0.986107839152542	0.0432968074661017	-0.957331628305085	-0.114322489610169	-0.992188893898305	-0.999788761694915	-0.949752001322034	-0.624468812322034	-0.984689437118644	-0.742346303898305	-0.973762179830509	-0.455333313677966	-0.990180959322034	"SITTING"
4	24	-0.133201077314706	-0.968979156470588	-0.11753969245	-0.968979156470588	-0.11753969245	-0.985555822352941	-0.110284126726471	-0.964633252352941	-0.0359261129323529	-0.991306424705882	-0.999844059852941	-0.968905031470588	-0.660578275602941	-0.984469962941177	-0.802666354911765	-0.977973720735294	-0.579705455808823	-0.990854751176471	"SITTING"
4	2	-0.253133782695652	-0.967893623913043	-0.1117612925	-0.967893623913043	-0.1117612925	-0.986774713043478	-0.0502937812608696	-0.946035087173913	-0.0465395786717391	-0.991081493913043	-0.99960263673913	-0.96127374826087	-0.612535121326087	-0.983874698913043	-0.837046969130435	-0.971840596086956	-0.444892836913043	-0.989861950869565	"SITTING"
4	9	0.018818416532	-0.8933617176	0.0562231956	-0.8933617176	0.0562231956	-0.964383757	-0.124840094398	-0.9032355368	0.0062099363658	-0.9733641366	-0.9994898884	-0.8977181972	-0.58487678432	-0.9530504408	-0.63044777698	-0.9344377378	-0.4164685885	-0.9683155878	"SITTING"
4	29	-0.206093087928333	-0.978017021833333	-0.225128038236667	-0.978017021833333	-0.225128038236667	-0.990719807666667	-0.0896980341333333	-0.962377332166667	-0.0672614749166667	-0.995392308166667	-0.999754657333333	-0.973346531833333	-0.725916821583333	-0.990093703833333	-0.802125197626667	-0.980269425833333	-0.446543618165	-0.995063049	"SITTING"
4	7	-0.20427947460625	-0.918432107083333	-0.0881430955125	-0.918432107083333	-0.0881430955125	-0.976559676458333	-0.0362136956020833	-0.897870535	-0.00588794070625	-0.981665122291667	-0.999518353541667	-0.90895677625	-0.539722101129167	-0.970954184166667	-0.752723614041667	-0.933081955208333	-0.3424551485	-0.978634991458333	"SITTING"
4	16	-0.132890002326087	-0.961879680724638	-0.197543624807246	-0.961879680724638	-0.197543624807246	-0.987472699130435	-0.0632690674449275	-0.946417382463768	-0.0840974025956522	-0.992444606231884	-0.998876123478261	-0.958335480724638	-0.673149453333333	-0.983968635942029	-0.803198933855072	-0.954060994347826	-0.476421886701594	-0.989363136376812	"SITTING"
4	25	-0.129669485949231	-0.970409337076923	-0.189471938467692	-0.970409337076923	-0.189471938467692	-0.989545142461538	-0.159336651850615	-0.966568718615385	-0.0576646914307692	-0.99286465	-0.999819766615385	-0.967017992615385	-0.694393485415385	-0.987941825538462	-0.785415184738462	-0.979350913692308	-0.569417260092	-0.991781701692308	"SITTING"
4	3	0.0170525293692308	-0.895383350192308	-0.0942158447884615	-0.895383350192308	-0.0942158447884615	-0.969080752884615	-0.0874529105769231	-0.919354372307692	-0.0611712514807692	-0.977998051923077	-0.999206618269231	-0.904185725576923	-0.463704974730769	-0.965888891730769	-0.724057573461538	-0.946664943653846	-0.404826134267308	-0.977898105576923	"SITTING"
4	1	0.00284798482340426	-0.948536786170213	-0.17159434653617	-0.948536786170213	-0.17159434653617	-0.987364195531915	-0.0603137314042553	-0.93089249	-0.112973317920638	-0.991976341276596	-0.999588120638298	-0.947782922553192	-0.608126705914894	-0.985262126808511	-0.750599066382979	-0.958435589361702	-0.284454150412766	-0.989797547234043	"SITTING"
4	30	-0.148367994870968	-0.957487221451613	-0.0776656776177419	-0.957487221451613	-0.0776656776177419	-0.987799055645161	-0.0610292251241935	-0.955847323870968	0.00552105490322581	-0.993737388225806	-0.999635124677419	-0.959923388064516	-0.671061442580645	-0.985826330967742	-0.830709291129032	-0.973876282903226	-0.407363588306452	-0.991750682096774	"SITTING"
4	19	-0.0860812657945206	-0.962074065616438	-0.0791755718164384	-0.962074065616438	-0.0791755718164384	-0.986423976027397	-0.113047323994521	-0.942229043835616	0.0489494106575342	-0.989450316575342	-0.999831221780822	-0.962632577945206	-0.461050951931507	-0.983751646712329	-0.755064676958904	-0.964238768493151	-0.410716798027397	-0.986727418493151	"SITTING"
4	17	0.008914009390625	-0.97274734640625	-0.117639016239063	-0.97274734640625	-0.117639016239063	-0.99281471515625	-0.0800638896123437	-0.967177744375	-0.186410698657656	-0.996334795	-0.99988684703125	-0.973626755	-0.46380440775	-0.99142725046875	-0.8398985615625	-0.98336929234375	-0.40763011571875	-0.995204564375	"SITTING"
4	26	-0.123145361138462	-0.953079994102564	-0.0463234435397436	-0.953079994102564	-0.0463234435397436	-0.990898435769231	-0.0925175466270513	-0.954052945897436	-0.0178103731025641	-0.994466446282051	-0.999765995512821	-0.952411043717949	-0.510449528680769	-0.989481942820513	-0.851931848974359	-0.97646387	-0.465024558179487	-0.993985447564103	"SITTING"
4	18	0.058951151005614	-0.983674151754386	-0.222183444280702	-0.983674151754386	-0.222183444280702	-0.989869574561404	-0.155790065514035	-0.977634992105263	-0.188059264561404	-0.994873439824561	-0.999897083157895	-0.984781467192982	-0.753426140982456	-0.990407075964912	-0.860328386315789	-0.986535242105263	-0.598946410017544	-0.99480818754386	"SITTING"
4	27	-0.0523731964328571	-0.979481668857143	-0.208157126328571	-0.979481668857143	-0.208157126328571	-0.989467178285714	-0.12665448481	-0.963565474	-0.0785342623128571	-0.994034710714286	-0.999805037142857	-0.974766466714286	-0.666386316332857	-0.988773269428571	-0.808911335857143	-0.979482820857143	-0.473644917685714	-0.992390264285714	"SITTING"
4	22	-0.248837604903226	-0.942167353870968	-0.101111578011452	-0.942167353870968	-0.101111578011452	-0.979303714032258	-0.0437809603483871	-0.942077432741935	0.0201530564354839	-0.98547603483871	-0.999269919677419	-0.943078237096774	-0.424965854919355	-0.968908297096774	-0.73196583183871	-0.951952767258065	-0.407255907692581	-0.977775448387097	"SITTING"
4	20	-0.148651981590909	-0.952738043030303	-0.13881425680303	-0.952738043030303	-0.13881425680303	-0.978774578333333	-0.192631624119394	-0.939574435606061	0.00390528881818182	-0.983010276060606	-0.999579492727273	-0.946913451666667	-0.596970397	-0.971730462575758	-0.755732761060606	-0.953399068181818	-0.558924420181818	-0.976108353787879	"SITTING"
4	23	-0.371119047617647	-0.944080772941176	-0.174232024688235	-0.944080772941176	-0.174232024688235	-0.982375503382353	0.0166476705323529	-0.936593426911765	-0.161153150138235	-0.986514066029412	-0.999694670147059	-0.945837830147059	-0.636961243367647	-0.974121466764706	-0.796979498970588	-0.952293277205882	-0.512357069455882	-0.980707211470588	"SITTING"
4	21	-0.178161768268235	-0.974734999411765	-0.243766192047059	-0.974734999411765	-0.243766192047059	-0.985947225176471	-0.120156676222353	-0.964971113764706	-0.0965122627072941	-0.990307349882353	-0.999833737411765	-0.974829227058824	-0.754495616152941	-0.985342358705882	-0.841924196941176	-0.977839702352941	-0.669012589196471	-0.990014272588235	"SITTING"
5	7	-0.37096033264717	-0.942724659245283	-0.131668819483019	-0.942724659245283	-0.131668819483019	-0.973381306226415	-0.130416146837736	-0.943425564528302	0.0493529577526415	-0.977377083018868	-0.99980982490566	-0.945611450377358	-0.449889006283019	-0.967417888301887	-0.725129654339623	-0.93870498490566	-0.603571161150943	-0.973671168679245	"STANDING"
5	5	-0.0357211981285714	-0.906104701071429	-0.0999979046464286	-0.906104701071429	-0.0999979046464286	-0.956863566071429	-0.0797448093928571	-0.900671630714286	-0.0492029188357143	-0.958405900892857	-0.998485212678571	-0.9046413925	-0.558546054107143	-0.941825903035714	-0.675879663839286	-0.904543921607143	-0.538859304678571	-0.952286438035714	"STANDING"
5	6	-0.284738153154386	-0.945022876491228	-0.133400230507018	-0.945022876491228	-0.133400230507018	-0.967102436140351	-0.0678071385333333	-0.939404744385965	-0.0666364145666667	-0.963406222982456	-0.999142360175439	-0.945949804035088	-0.538912651491228	-0.955914005438597	-0.698845035438596	-0.926664297017544	-0.684451967561403	-0.955425138245614	"STANDING"
5	4	-0.126085764982143	-0.906478051785714	-0.00635125645892857	-0.906478051785714	-0.00635125645892857	-0.963370738392857	0.0271333826241071	-0.900982100535714	0.196361488694821	-0.967614073928571	-0.9990384725	-0.917614014821429	-0.395380490521429	-0.956139283571429	-0.744446167642857	-0.914209165714286	-0.520359727732143	-0.964471139464286	"STANDING"
5	1	-0.239019571596154	-0.984755982884615	-0.256602775662308	-0.984755982884615	-0.256602775662308	-0.992349750769231	-0.129892921982692	-0.976638691153846	-0.0457696665769231	-0.994980616923077	-0.999894733076923	-0.985994855384615	-0.712308381923077	-0.992519724230769	-0.833324997307692	-0.984703830576923	-0.531522169596154	-0.994869702692308	"STANDING"
5	10	0.0877587747159091	-0.951988907954545	-0.247357183681818	-0.951988907954545	-0.247357183681818	-0.965163818409091	-0.193682018699539	-0.929787259772727	-0.0617755138704545	-0.971637661590909	-0.999595625681818	-0.9401101675	-0.620447264090909	-0.951633690454545	-0.684584117022727	-0.937786743409091	-0.572889747227273	-0.965614081363636	"STANDING"
5	8	-0.193753576181481	-0.953762884074074	-0.199354382559259	-0.953762884074074	-0.199354382559259	-0.984920797777778	-0.12565195452037	-0.952848496851852	0.0199224478537037	-0.987580587777778	-0.999744484074074	-0.953746070740741	-0.571308508759259	-0.979745872037037	-0.800384140481481	-0.964564224074074	-0.53959855837037	-0.983709233333333	"STANDING"
5	17	-0.154023701428205	-0.977635981410256	-0.188786588732051	-0.977635981410256	-0.188786588732051	-0.991742753589744	-0.150966019769231	-0.978184576538462	-0.0676160115423077	-0.993672973717949	-0.999859267948718	-0.980967748205128	-0.569642215897436	-0.990162798846154	-0.843893518333333	-0.984291131538461	-0.463275013730769	-0.992723939358974	"STANDING"
5	26	-0.208873751028378	-0.968511694324324	-0.166567592602703	-0.968511694324324	-0.166567592602703	-0.986985213648649	-0.0612756681608108	-0.968673955540541	-0.104980633163514	-0.98854482527027	-0.999852520540541	-0.970605250405405	-0.561224617945946	-0.98287688945946	-0.794184279594595	-0.972333108648649	-0.509589934813649	-0.985762255540541	"STANDING"
5	24	-0.192162326288985	-0.950061017681159	-0.132967685862319	-0.950061017681159	-0.132967685862319	-0.977620953913043	-0.0352079433315942	-0.954518594057971	0.0223946404463768	-0.982387268985507	-0.999798017681159	-0.960066088115942	-0.422552959550725	-0.972251355217391	-0.754801275826087	-0.963922314202899	-0.503774791043478	-0.981119237826087	"STANDING"
5	2	-0.361616808471698	-0.967742083207547	-0.194584759422642	-0.967742083207547	-0.194584759422642	-0.981446106226415	-0.0927529148113208	-0.966634689245283	-0.0608820544245283	-0.985060527169811	-0.99901013509434	-0.96731831245283	-0.596069759037736	-0.978612543018868	-0.737861040358491	-0.965382808679245	-0.641816077	-0.979504249622641	"STANDING"
5	11	0.00709114004255319	-0.984853836595745	-0.218978622659574	-0.984853836595745	-0.218978622659574	-0.989242377234043	-0.156079366780851	-0.979978011489362	-0.0431078319838298	-0.993428183617021	-0.999912280638298	-0.982255413617021	-0.686419529851064	-0.988636595319149	-0.82787898106383	-0.982576519787234	-0.637807670212766	-0.992981019787234	"STANDING"
5	9	0.0790481374	-0.945167482444444	-0.175888661268889	-0.945167482444444	-0.175888661268889	-0.969524578888889	-0.101200527133333	-0.921030223111111	-0.0233493446944444	-0.969824044222222	-0.999402978444444	-0.946330171777778	-0.603837977288889	-0.963242884	-0.665113909213333	-0.929769067777778	-0.582191977044444	-0.967491628	"STANDING"
5	18	-0.226154455746575	-0.972607495342466	-0.134585137954795	-0.972607495342466	-0.134585137954795	-0.98596529369863	-0.217346227794521	-0.963006793150685	-0.0327586971032877	-0.988685954931507	-0.999918943561644	-0.976797646027397	-0.664330160561644	-0.984987073150685	-0.817173825890411	-0.972352593013699	-0.540879742068493	-0.988960668767123	"STANDING"
5	27	-0.268537621269125	-0.972753287375	-0.2012258802	-0.972753287375	-0.2012258802	-0.985347620125	-0.04451918273125	-0.968702956625	-0.06062948065	-0.989532103875	-0.999876906375	-0.973186182375	-0.6458223863125	-0.984151646	-0.77162544995	-0.975525565625	-0.54511303465	-0.98941848275	"STANDING"
5	25	-0.313778474066216	-0.972663592162162	-0.208698874786486	-0.972663592162162	-0.208698874786486	-0.984647071216216	-0.19797559877027	-0.967077442837838	-0.0736719346216216	-0.985091991216216	-0.999732917432432	-0.972355393243243	-0.672297447081081	-0.982294170810811	-0.782670840121622	-0.968972499594595	-0.596127156054054	-0.98401783027027	"STANDING"
5	3	-0.0713706440804918	-0.925430819016393	-0.139348034088525	-0.925430819016393	-0.139348034088525	-0.959303840327869	-0.109356570219672	-0.892089349344262	0.104772188870328	-0.962339339672131	-0.997868406393443	-0.926968932295082	-0.580804128901639	-0.948627467704918	-0.72661510704918	-0.913682362622951	-0.50527051651218	-0.960331717868852	"STANDING"
5	12	-0.0182377721918033	-0.941459935081967	-0.132839982614754	-0.941459935081967	-0.132839982614754	-0.968790683278689	-0.0629169406934426	-0.888101372786885	0.0730714500295082	-0.969289973606557	-0.999571389672131	-0.945217802786885	-0.567655172081967	-0.960859009508197	-0.763610705901639	-0.902356765573771	-0.521962339229508	-0.963059791967213	"STANDING"
5	21	-0.310258419701124	-0.958774298089888	-0.176146722721348	-0.958774298089888	-0.176146722721348	-0.974765161910112	-0.18998928988427	-0.949837151797753	-0.0540989936875281	-0.976857084157303	-0.999454710786517	-0.962291334157303	-0.638410200674157	-0.970634296404494	-0.746880212314607	-0.956723022359551	-0.611907784804494	-0.976126760674157	"STANDING"
5	19	-0.244999390920548	-0.960505683561644	-0.081826589779452	-0.960505683561644	-0.081826589779452	-0.983068923561644	-0.0304573232969863	-0.94174504109589	0.0129288557739726	-0.985801637671233	-0.999758150136986	-0.968910788767123	-0.609577716438356	-0.979135412739726	-0.806848870616438	-0.958578129589041	-0.503489383219178	-0.984536610136986	"STANDING"
5	28	-0.364535335886076	-0.92547165164557	-0.0826856534240506	-0.92547165164557	-0.0826856534240506	-0.959551987468354	-0.0550334321518987	-0.894242469620253	0.0298838169240506	-0.959681019113924	-0.99905717278481	-0.929146479367089	-0.601628015329114	-0.952727765189873	-0.65580266778481	-0.909652436329114	-0.568901094698734	-0.958758576835443	"STANDING"
5	20	-0.190616377834247	-0.92240685739726	-0.0327737436712329	-0.92240685739726	-0.0327737436712329	-0.956624899041096	0.00647693206027397	-0.883675028630137	0.0176330992150685	-0.94793650109589	-0.998626498219178	-0.921225595205479	-0.550966873849315	-0.940007897123288	-0.651941339726027	-0.879437674794521	-0.584365281191781	-0.929600007123288	"STANDING"
5	15	-0.0477710577339623	-0.961207616226415	-0.140389194130189	-0.961207616226415	-0.140389194130189	-0.981495125660377	-0.175215765067925	-0.946961381132076	-0.0811187032218868	-0.984407077924528	-0.999624681320755	-0.960337344339623	-0.60655704354717	-0.979078785660377	-0.787938621509434	-0.956733900188679	-0.49201977209434	-0.983188091886792	"STANDING"
5	13	-0.345280862649123	-0.971564243157895	-0.0978851988122807	-0.971564243157895	-0.0978851988122807	-0.98680002754386	-0.0649460439315789	-0.95782537245614	-0.0952835030719298	-0.983637634912281	-0.999861377192983	-0.972393559473684	-0.622953128824561	-0.981977536491228	-0.803009619017544	-0.957488799473684	-0.594805969052632	-0.977197403859649	"STANDING"
5	22	-0.330485203555556	-0.954807661269841	-0.0686669974523809	-0.954807661269841	-0.0686669974523809	-0.975876006507936	-0.135528913431746	-0.931624303968254	0.0698240454047619	-0.978603529206349	-0.999769105873016	-0.949044483015873	-0.532687647777778	-0.959743877936508	-0.628379768809524	-0.932065270793651	-0.442203500203175	-0.968377798253968	"STANDING"
5	14	-0.35319707645	-0.943456847333333	-0.0981661563033333	-0.943456847333333	-0.0981661563033333	-0.972965788166667	-0.217213953216667	-0.943530016833333	-0.0289905508216667	-0.974873328	-0.999674850833333	-0.949715059833333	-0.55053795218	-0.970214125833333	-0.632676937716667	-0.944405563833333	-0.54854652045	-0.969175636833333	"STANDING"
5	29	-0.313586381552308	-0.984745318923077	-0.249066234987846	-0.984745318923077	-0.249066234987846	-0.990785419538462	-0.168985768658462	-0.980657340461539	-0.144811112766154	-0.992144698923077	-0.999949995230769	-0.984548094769231	-0.720993114461538	-0.989793892615385	-0.850190593384615	-0.980879722923077	-0.711049946523077	-0.991672052	"STANDING"
5	16	0.132014668307692	-0.969948825128205	-0.167227612258974	-0.969948825128205	-0.167227612258974	-0.989205231794872	-0.167553225029872	-0.972528178205128	-0.0413738820897436	-0.992848576025641	-0.999938346153846	-0.971082558076923	-0.5640442076	-0.986502687948718	-0.753186260076923	-0.975448632179487	-0.528006484974359	-0.99117243	"STANDING"
5	23	-0.395452157264706	-0.957212267058824	-0.147220606072059	-0.957212267058824	-0.147220606072059	-0.978671485441176	-0.110327257316176	-0.938430293382353	-0.0471898785735294	-0.9763992525	-0.999881594705882	-0.957986177058823	-0.591448948380882	-0.973798155735294	-0.737978370191177	-0.944583829705882	-0.604123264955882	-0.972598810882353	"STANDING"
5	30	-0.179025678985763	-0.930573574915254	-0.028610930660339	-0.930573574915254	-0.028610930660339	-0.971225190169491	-0.0996264904067797	-0.913890564915254	0.113723874603729	-0.972995273898305	-0.999498752542373	-0.932047450677966	-0.534361654110169	-0.953357615932203	-0.684567138305085	-0.917449417288136	-0.442369386508475	-0.959242165084746	"STANDING"
6	7	-0.130487246609615	-0.936392023846154	0.0102762213446154	-0.936392023846154	0.0102762213446154	-0.980127239615385	-0.0583561335826923	-0.915793634807692	-0.00437279402692308	-0.983008829038462	-0.99947114	-0.927976880634615	-0.230574465801923	-0.968066259230769	-0.744918013403846	-0.941130719230769	-0.262703945980769	-0.974117912115385	"LAYING"
6	6	-0.186231540673684	-0.918878850824561	-0.22071468345614	-0.918878850824561	-0.22071468345614	-0.954750504912281	0.0419022387175439	-0.908980174736842	-0.204918133745544	-0.955645738245614	-0.998437818421053	-0.91235165222807	-0.468623760333333	-0.948655471052632	-0.703328658421053	-0.930153639473684	-0.647437246315789	-0.953695957368421	"LAYING"
6	1	-0.094974300494	-0.8419291525	-0.02424774582	-0.8419291525	-0.02424774582	-0.9543962646	-0.0789909273	-0.874759548	0.086408548754	-0.96346103	-0.9979328882	-0.8617676481	-0.508329046806	-0.9333003608	-0.6737157919	-0.8621901854	-0.391530370084	-0.9423669466	"LAYING"
6	8	-0.135800289307778	-0.935308633888889	-0.08719925075	-0.935308633888889	-0.08719925075	-0.97314748962963	-0.0982252511592593	-0.924253348518518	-0.0419243238611111	-0.978438191296296	-0.999598940555556	-0.932279645518518	-0.41579687962963	-0.961792852407407	-0.821062733111111	-0.944528950555556	-0.430142473203704	-0.968403945925926	"LAYING"
6	17	-0.0197203817507042	-0.953021411126761	-0.212887948647887	-0.953021411126761	-0.212887948647887	-0.981607627887324	-0.0953849797287324	-0.960733121690141	-0.247179356661972	-0.985542411126761	-0.999803953943662	-0.961046326338028	-0.138472657026761	-0.979687318732394	-0.791817144225352	-0.969014444788732	-0.0936751154647887	-0.982765526478873	"LAYING"
6	4	-0.167199651205556	-0.954557603148148	-0.284821243005556	-0.954557603148148	-0.284821243005556	-0.970095771666667	-0.0149726777944444	-0.930236462592593	0.12539192047963	-0.985068502037037	-0.999264759074074	-0.939389701296296	-0.577568230296296	-0.96228712537037	-0.6745744445	-0.961556660185185	-0.34980558237037	-0.983609073333333	"LAYING"
6	24	-0.0947279552513889	-0.9718540425	-0.204088938898611	-0.9718540425	-0.204088938898611	-0.985529270555556	-0.0303978854722222	-0.953791512638889	-0.207639885806944	-0.982780873888889	-0.999815455	-0.973171068055556	-0.508536755177778	-0.983108084305556	-0.842691114166667	-0.964001383472222	-0.517050622922222	-0.978596740694444	"LAYING"
6	2	-0.0966764838083333	-0.977435485208333	-0.244819853270833	-0.977435485208333	-0.244819853270833	-0.987741696041667	-0.05547647891875	-0.950011569583333	-0.141203233875	-0.991767074166667	-0.999533052708333	-0.975110196458333	-0.6331577990625	-0.985374114791667	-0.816016455645833	-0.972112972708333	-0.432302279375	-0.990248702291667	"LAYING"
6	11	-0.0774202688875439	-0.980621180175439	-0.302775860092982	-0.980621180175439	-0.302775860092982	-0.983330628421053	-0.140573953387719	-0.952523752105263	-0.101938166947368	-0.990641248245614	-0.999566973859649	-0.973994004561404	-0.767607157368421	-0.976940774561403	-0.818521673359649	-0.967093356491228	-0.499654967666667	-0.985978837192982	"LAYING"
6	9	0.05233717034	-0.9308684376	-0.03475627097	-0.9308684376	-0.03475627097	-0.9633745492	-0.17310916842	-0.9071250998	-0.102307685452	-0.964524819	-0.999783319	-0.9266042952	-0.47607278294	-0.9543205856	-0.621387831818	-0.9186053356	-0.5052705871016	-0.9558062546	"LAYING"
6	18	-0.205290556303077	-0.986456241538462	-0.364722559584615	-0.986456241538462	-0.364722559584615	-0.98832154	-0.0348854549030769	-0.980740846769231	-0.274031460015385	-0.993095122615385	-0.999897885538461	-0.986788412	-0.744928071030769	-0.988548418307692	-0.865426162923077	-0.984329092153846	-0.638197096289231	-0.991901007538462	"LAYING"
6	5	0.0644917513519231	-0.966777882884615	-0.221290004346154	-0.966777882884615	-0.221290004346154	-0.980141253846154	0.120529658532692	-0.946938300576923	-0.217596050409615	-0.9864194225	-0.999636561538462	-0.962234984038462	-0.670942828173077	-0.977356379807692	-0.726618746153846	-0.968257068846154	-0.407035424	-0.984618025769231	"LAYING"
6	25	-0.0493195616849315	-0.56047777609589	0.174095758057205	-0.56047777609589	0.174095758057205	-0.962161355890411	-0.157871188413699	-0.809688545342466	0.152670828172603	-0.969783262465753	-0.999168109589041	-0.774481943616438	-0.0963385312958904	-0.96008314739726	-0.682834680643836	-0.910126993561644	-0.231065251094521	-0.96825160890411	"LAYING"
6	3	-0.0868143370290323	-0.972791346129032	-0.231628759112903	-0.972791346129032	-0.231628759112903	-0.979484593387097	-0.00137649189032258	-0.951564751451613	-0.0614996230322581	-0.98671362516129	-0.999567515645161	-0.96552427516129	-0.700263341474194	-0.975949597903226	-0.736096781774194	-0.96458672483871	-0.555238914596774	-0.984278251290323	"LAYING"
6	12	-0.144740086653333	-0.9482046755	-0.155295819733333	-0.9482046755	-0.155295819733333	-0.969843834166667	0.0922303097083333	-0.9308405935	-0.211702457263333	-0.971067768833333	-0.999221808666667	-0.9438674399	-0.522330828083333	-0.962448418666667	-0.6953644208	-0.9454970225	-0.527841653068333	-0.963949607166667	"LAYING"
6	10	0.229910128396552	-0.956781819655172	-0.234737669836724	-0.956781819655172	-0.234737669836724	-0.976234435172414	-0.161957723810345	-0.937590998793103	-0.124708365267241	-0.970830848965517	-0.999603570689655	-0.950848109137931	-0.630092490844828	-0.968561121551724	-0.746607867810345	-0.937692642586207	-0.689278438827586	-0.960976821551724	"LAYING"
6	19	-0.164656627778313	-0.96626080686747	-0.147258715696386	-0.96626080686747	-0.147258715696386	-0.98478434	0.107692770919277	-0.953263432771084	-0.249166597108434	-0.985342497710843	-0.999758261927711	-0.971957401325301	-0.458968402220482	-0.980621564096386	-0.748545960072289	-0.965624724457831	-0.506092192481928	-0.981890470361446	"LAYING"
6	28	-0.31702121421	-0.95811223025	-0.14976642226125	-0.95811223025	-0.14976642226125	-0.978455341875	-0.09623740102	-0.93710692125	-0.06548038875625	-0.978220270625	-0.999335676	-0.961035587625	-0.466528947135	-0.9734362485	-0.7549343136375	-0.944218369375	-0.5627881449375	-0.971830582375	"LAYING"
6	26	-0.160063034442763	-0.976785042368421	-0.228335626955263	-0.976785042368421	-0.228335626955263	-0.989970604210526	-0.0784721488592105	-0.951863594736842	-0.253230960826316	-0.99219798	-0.999578011578947	-0.969269114078947	-0.671020034881579	-0.989138184473684	-0.809126281144737	-0.974305179605263	-0.417733694894737	-0.990430914078947	"LAYING"
6	15	-0.0870514267694444	-0.955340661527778	-0.115310603944444	-0.955340661527778	-0.115310603944444	-0.979890228194444	-0.0949766824222222	-0.944605127222222	-0.0104440745125	-0.983235025416667	-0.999725687222222	-0.956001034027778	-0.59930258475	-0.973681222777778	-0.745855931280556	-0.946812642361111	-0.555643447236111	-0.975727853888889	"LAYING"
6	13	-0.0570662451241935	-0.960517768225806	-0.139112802735484	-0.960517768225806	-0.139112802735484	-0.985467853870968	0.0172635307596774	-0.944303111935484	-0.355891358467742	-0.98544626483871	-0.99953044983871	-0.959535493548387	-0.346836170774194	-0.980754385967742	-0.695838167096774	-0.957681621290323	-0.284143556322581	-0.978150814032258	"LAYING"
6	22	-0.185857489758333	-0.934993799305556	-0.116184249241667	-0.934993799305556	-0.116184249241667	-0.971169779305556	-0.109059424169444	-0.926616373333333	0.00993372933791667	-0.981716936388889	-0.99917595875	-0.929818990972222	-0.547274758670833	-0.962654791527778	-0.608637191138889	-0.946055840972222	-0.482486077444444	-0.976638980972222	"LAYING"
6	20	-0.00657015040735294	-0.960743126176471	-0.143460867551471	-0.960743126176471	-0.143460867551471	-0.984670073823529	0.0149734248205882	-0.9604473725	-0.121541677263235	-0.986749500882353	-0.999811619264706	-0.952827071323529	-0.625702255358824	-0.979695458088235	-0.802047488970588	-0.969832241176471	-0.64756057825	-0.981119820588235	"LAYING"
6	29	-0.0940687036695652	-0.986493196666667	-0.244858500314493	-0.986493196666667	-0.244858500314493	-0.992725367826087	-0.174869474891304	-0.971923623043478	-0.143465601797101	-0.997322526811594	-0.999732088550725	-0.986800645362319	-0.784446457782609	-0.993998275797101	-0.884996398405797	-0.98400134173913	-0.610611714202899	-0.997617389275362	"LAYING"
6	27	-0.237452866540541	-0.982091652162162	-0.195586235197297	-0.982091652162162	-0.195586235197297	-0.988372773648649	-0.11556534585	-0.966917594459459	-0.134351206135135	-0.994355043783784	-0.99980639527027	-0.981389017702703	-0.744034122837838	-0.988098902567568	-0.804715283472973	-0.979890667972973	-0.49279052127027	-0.993563778648649	"LAYING"
6	16	0.0781688898657143	-0.961834634857143	-0.01802155121	-0.961834634857143	-0.01802155121	-0.988349656571429	-0.109713809457143	-0.951777099571429	-0.0574780117885714	-0.990839526285714	-0.999919451857143	-0.968020521285714	-0.358933722531429	-0.987514525142857	-0.815472213714286	-0.970249638857143	-0.507059431542857	-0.988695277714286	"LAYING"
6	14	-0.27775475775098	-0.905978250196078	-0.0531857645178431	-0.905978250196078	-0.0531857645178431	-0.972576392941176	-0.140466546405882	-0.904665418431373	-0.0389393160823529	-0.975621183137255	-0.999052765882353	-0.899463668843137	-0.520826227823529	-0.96798859627451	-0.720253664045098	-0.930151731176471	-0.522228444268627	-0.966455343137255	"LAYING"
6	23	0.00511589020027778	-0.962959196805556	-0.195785323027778	-0.962959196805556	-0.195785323027778	-0.987010197361111	0.0921434108472222	-0.949418000972222	-0.262032443680556	-0.984557478611111	-0.999879525555556	-0.967747053194444	-0.315319563397222	-0.985905703888889	-0.836762607638889	-0.966239347916667	-0.406512470331944	-0.981846854305556	"LAYING"
6	21	-0.183717293158333	-0.952596583222222	-0.0909521719833333	-0.952596583222222	-0.0909521719833333	-0.982800330555556	-0.0949788970722222	-0.949278890222222	0.01917980553	-0.985915906888889	-0.999780485555556	-0.953769071222222	-0.29973007592	-0.978444123888889	-0.8110101966	-0.962349012888889	-0.349899441626667	-0.982993315111111	"LAYING"
6	30	-0.0518161178342857	-0.969829984285714	-0.171212291266143	-0.969829984285714	-0.171212291266143	-0.97923282	-0.135074117525429	-0.962284921142857	-0.04006558165	-0.985086413428571	-0.999633435142857	-0.962840820428571	-0.680255912142857	-0.969949269571429	-0.6796811408	-0.962001199	-0.566283185728571	-0.977821335571429	"LAYING"
